{
 "cells": [
  {
   "cell_type": "markdown",
   "metadata": {},
   "source": [
    "# Build PCA \n",
    "We will build PCA and then compare it to T-SNE and LDA (3 DR methods total)"
   ]
  },
  {
   "cell_type": "code",
   "execution_count": 2,
   "metadata": {
    "collapsed": true
   },
   "outputs": [],
   "source": [
    "import numpy as np\n",
    "np.random.seed(1) # for debugging"
   ]
  },
  {
   "cell_type": "code",
   "execution_count": 8,
   "metadata": {
    "collapsed": false
   },
   "outputs": [
    {
     "name": "stdout",
     "output_type": "stream",
     "text": [
      "[[ -4.98213564e-01  -1.39662042e+00   6.18539131e-01  -1.30572692e+00\n",
      "   -2.79308500e+00  -1.04458938e+00   4.29526140e-01  -1.52568032e+00\n",
      "    1.34048197e-01   2.62467445e-01   8.36004719e-01   8.84908814e-01\n",
      "   -1.44087602e+00   1.39984394e+00   9.54250872e-02   2.11124755e-01\n",
      "   -1.11647002e+00  -5.68244809e-02  -8.45080274e-02   7.84770651e-01]\n",
      " [ -3.10984978e-01  -8.61316361e-01  -4.43171931e-01  -3.44987210e-01\n",
      "    1.93752881e+00   2.05117344e+00  -6.06998398e-01   7.95026094e-01\n",
      "    1.20205486e+00   2.76499305e-01   1.54335911e+00  -8.77281519e-01\n",
      "    1.23225307e+00  -7.81911683e-01   9.21450069e-01   1.65275673e-02\n",
      "    8.09271010e-02   4.92336556e-01  -2.97361883e-01  -9.55425262e-01]\n",
      " [ -1.89148284e-03   6.74711526e-01   1.81053491e+00  -2.30839743e-01\n",
      "    3.66332015e-01   5.85662000e-01   1.06222724e-01  -3.74438319e-01\n",
      "    2.84748111e-01  -7.33271604e-01   7.58805660e-01  -8.67787223e-01\n",
      "   -2.54179868e-01  -4.37508983e-01   6.07501958e-02   1.77187720e-01\n",
      "   -1.86578994e-01  -6.80678141e-01   4.17302005e-01   5.85910431e-01]]\n"
     ]
    }
   ],
   "source": [
    "# Create dataset\n",
    "mu_vec1 = np.array([0, 0, 0]) # Sample mean\n",
    "cov_mat1 = np.array([[1, 0, 0], [0, 1, 0], [0, 0, 1]]) # Sample covariance\n",
    "\n",
    "class1_sample = np.random.multivariate_normal(mu_vec1, cov_mat1, 20).T # 3x20 matrix\n",
    "print(class1_sample)"
   ]
  },
  {
   "cell_type": "code",
   "execution_count": 7,
   "metadata": {
    "collapsed": false
   },
   "outputs": [
    {
     "name": "stdout",
     "output_type": "stream",
     "text": [
      "[[-0.75439794 -0.29809284  1.13162939 -1.39649634  0.16003707 -2.02220122\n",
      "   0.23009474 -0.20075807  0.19829972  0.37756379  1.19891788 -0.63873041\n",
      "  -0.34385368  0.69803203  0.40349164  0.16938243 -0.26621851  0.31515939\n",
      "   0.35054598 -1.61577235]\n",
      " [ 1.25286816  0.48851815  1.51981682 -1.44411381  0.87616892 -0.30620401\n",
      "   0.76201118  0.18656139  0.11900865  0.12182127  0.18515642  0.42349435\n",
      "   0.04359686 -0.44712856  0.59357852  0.74055645  0.03261455  0.84616065\n",
      "  -1.31228341  1.12141771]\n",
      " [ 0.51292982 -0.07557171  2.18557541 -0.50446586  0.31563495  0.82797464\n",
      "  -0.22232814  0.41005165 -0.67066229  1.12948391 -0.37528495  0.07734007\n",
      "  -0.62000084  1.2245077  -1.09491185 -0.9537006  -1.37311732 -0.85951594\n",
      "  -0.03869551  0.40890054]]\n"
     ]
    }
   ],
   "source": [
    "mu_vec2 = np.array([1, 1, 1]) # Sample mean\n",
    "cov_mat2 = np.array([[1, 0, 0], [0, 1, 0], [0, 0, 1]]) # Sample covariance\n",
    "\n",
    "class2_sample = np.random.multivariate_normal(mu_vec2, cov_mat2, 20).T # 3x20 matrix\n",
    "print(class1_sample)"
   ]
  },
  {
   "cell_type": "code",
   "execution_count": 13,
   "metadata": {
    "collapsed": false
   },
   "outputs": [
    {
     "data": {
      "text/plain": [
       "array([[ -4.98213564e-01,  -1.39662042e+00,   6.18539131e-01,\n",
       "         -1.30572692e+00,  -2.79308500e+00,  -1.04458938e+00,\n",
       "          4.29526140e-01,  -1.52568032e+00,   1.34048197e-01,\n",
       "          2.62467445e-01,   8.36004719e-01,   8.84908814e-01,\n",
       "         -1.44087602e+00,   1.39984394e+00,   9.54250872e-02,\n",
       "          2.11124755e-01,  -1.11647002e+00,  -5.68244809e-02,\n",
       "         -8.45080274e-02,   7.84770651e-01,  -2.72558755e-01,\n",
       "          2.29322588e+00,   1.56276110e+00,   9.26887296e-01,\n",
       "          2.90465871e+00,  -6.27438341e-01,   1.81095167e+00,\n",
       "          1.82400562e+00,  -3.31951667e-01,   1.09444416e-01,\n",
       "          6.73500502e-01,   4.13476061e-01,   1.62336218e+00,\n",
       "          1.12910158e+00,   2.55880554e+00,   3.44936865e+00,\n",
       "          2.99601495e-01,   1.20183018e+00,   8.79535428e-01,\n",
       "          3.34245482e-01],\n",
       "       [ -3.10984978e-01,  -8.61316361e-01,  -4.43171931e-01,\n",
       "         -3.44987210e-01,   1.93752881e+00,   2.05117344e+00,\n",
       "         -6.06998398e-01,   7.95026094e-01,   1.20205486e+00,\n",
       "          2.76499305e-01,   1.54335911e+00,  -8.77281519e-01,\n",
       "          1.23225307e+00,  -7.81911683e-01,   9.21450069e-01,\n",
       "          1.65275673e-02,   8.09271010e-02,   4.92336556e-01,\n",
       "         -2.97361883e-01,  -9.55425262e-01,   1.31354772e+00,\n",
       "          8.89552974e-01,   1.24073709e+00,   2.16033857e+00,\n",
       "          2.11105670e+00,   1.60231928e+00,   2.04444209e+00,\n",
       "          4.37694569e-01,  -7.60688560e-01,  -1.19115399e-01,\n",
       "         -3.42675789e-01,  -2.36853377e-01,   5.65043317e-01,\n",
       "          2.61694960e+00,   1.10940270e+00,   4.54225832e-01,\n",
       "          7.96605551e-01,   1.66102029e+00,  -2.33120735e-01,\n",
       "         -6.74195808e-01],\n",
       "       [ -1.89148284e-03,   6.74711526e-01,   1.81053491e+00,\n",
       "         -2.30839743e-01,   3.66332015e-01,   5.85662000e-01,\n",
       "          1.06222724e-01,  -3.74438319e-01,   2.84748111e-01,\n",
       "         -7.33271604e-01,   7.58805660e-01,  -8.67787223e-01,\n",
       "         -2.54179868e-01,  -4.37508983e-01,   6.07501958e-02,\n",
       "          1.77187720e-01,  -1.86578994e-01,  -6.80678141e-01,\n",
       "          4.17302005e-01,   5.85910431e-01,   1.50318481e+00,\n",
       "          3.82637936e-01,   1.28066508e+00,   1.36949272e+00,\n",
       "          1.65904980e+00,   1.42028220e+00,   5.99121808e-01,\n",
       "          2.95487808e+00,  -6.50721266e-01,   2.95607890e+00,\n",
       "          2.11438298e+00,   1.87583893e+00,   2.40754000e+00,\n",
       "          1.50274088e+00,  -2.19744397e-01,   8.01162137e-01,\n",
       "          1.24266944e+00,   2.79215821e+00,  -1.82318127e-01,\n",
       "          1.82502982e+00]])"
      ]
     },
     "execution_count": 13,
     "metadata": {},
     "output_type": "execute_result"
    }
   ],
   "source": [
    "# Merge the data into 1 bigASS dataset\n",
    "all_samples = np.concatenate((class1_sample, class2_sample), axis=1)\n",
    "all_samples"
   ]
  },
  {
   "cell_type": "code",
   "execution_count": 14,
   "metadata": {
    "collapsed": false
   },
   "outputs": [
    {
     "data": {
      "text/plain": [
       "array([[ -4.98213564e-01,  -3.10984978e-01,  -1.89148284e-03],\n",
       "       [ -1.39662042e+00,  -8.61316361e-01,   6.74711526e-01],\n",
       "       [  6.18539131e-01,  -4.43171931e-01,   1.81053491e+00],\n",
       "       [ -1.30572692e+00,  -3.44987210e-01,  -2.30839743e-01],\n",
       "       [ -2.79308500e+00,   1.93752881e+00,   3.66332015e-01],\n",
       "       [ -1.04458938e+00,   2.05117344e+00,   5.85662000e-01],\n",
       "       [  4.29526140e-01,  -6.06998398e-01,   1.06222724e-01],\n",
       "       [ -1.52568032e+00,   7.95026094e-01,  -3.74438319e-01],\n",
       "       [  1.34048197e-01,   1.20205486e+00,   2.84748111e-01],\n",
       "       [  2.62467445e-01,   2.76499305e-01,  -7.33271604e-01],\n",
       "       [  8.36004719e-01,   1.54335911e+00,   7.58805660e-01],\n",
       "       [  8.84908814e-01,  -8.77281519e-01,  -8.67787223e-01],\n",
       "       [ -1.44087602e+00,   1.23225307e+00,  -2.54179868e-01],\n",
       "       [  1.39984394e+00,  -7.81911683e-01,  -4.37508983e-01],\n",
       "       [  9.54250872e-02,   9.21450069e-01,   6.07501958e-02],\n",
       "       [  2.11124755e-01,   1.65275673e-02,   1.77187720e-01],\n",
       "       [ -1.11647002e+00,   8.09271010e-02,  -1.86578994e-01],\n",
       "       [ -5.68244809e-02,   4.92336556e-01,  -6.80678141e-01],\n",
       "       [ -8.45080274e-02,  -2.97361883e-01,   4.17302005e-01],\n",
       "       [  7.84770651e-01,  -9.55425262e-01,   5.85910431e-01],\n",
       "       [ -2.72558755e-01,   1.31354772e+00,   1.50318481e+00],\n",
       "       [  2.29322588e+00,   8.89552974e-01,   3.82637936e-01],\n",
       "       [  1.56276110e+00,   1.24073709e+00,   1.28066508e+00],\n",
       "       [  9.26887296e-01,   2.16033857e+00,   1.36949272e+00],\n",
       "       [  2.90465871e+00,   2.11105670e+00,   1.65904980e+00],\n",
       "       [ -6.27438341e-01,   1.60231928e+00,   1.42028220e+00],\n",
       "       [  1.81095167e+00,   2.04444209e+00,   5.99121808e-01],\n",
       "       [  1.82400562e+00,   4.37694569e-01,   2.95487808e+00],\n",
       "       [ -3.31951667e-01,  -7.60688560e-01,  -6.50721266e-01],\n",
       "       [  1.09444416e-01,  -1.19115399e-01,   2.95607890e+00],\n",
       "       [  6.73500502e-01,  -3.42675789e-01,   2.11438298e+00],\n",
       "       [  4.13476061e-01,  -2.36853377e-01,   1.87583893e+00],\n",
       "       [  1.62336218e+00,   5.65043317e-01,   2.40754000e+00],\n",
       "       [  1.12910158e+00,   2.61694960e+00,   1.50274088e+00],\n",
       "       [  2.55880554e+00,   1.10940270e+00,  -2.19744397e-01],\n",
       "       [  3.44936865e+00,   4.54225832e-01,   8.01162137e-01],\n",
       "       [  2.99601495e-01,   7.96605551e-01,   1.24266944e+00],\n",
       "       [  1.20183018e+00,   1.66102029e+00,   2.79215821e+00],\n",
       "       [  8.79535428e-01,  -2.33120735e-01,  -1.82318127e-01],\n",
       "       [  3.34245482e-01,  -6.74195808e-01,   1.82502982e+00]])"
      ]
     },
     "execution_count": 14,
     "metadata": {},
     "output_type": "execute_result"
    }
   ],
   "source": [
    "all_samples.T"
   ]
  },
  {
   "cell_type": "code",
   "execution_count": 15,
   "metadata": {
    "collapsed": false
   },
   "outputs": [
    {
     "data": {
      "text/plain": [
       "array([[ 0.42892194],\n",
       "       [ 0.54264958],\n",
       "       [ 0.74237807]])"
      ]
     },
     "execution_count": 15,
     "metadata": {},
     "output_type": "execute_result"
    }
   ],
   "source": [
    "# Compute the dimensional mean vector, it will help compute the covariance matrix\n",
    "mean_x = np.mean(all_samples[0,:])\n",
    "mean_y = np.mean(all_samples[1,:])\n",
    "mean_z = np.mean(all_samples[2,:])\n",
    "\n",
    "mean_vector = np.array(([[mean_x], [mean_y], [mean_z]]))\n",
    "mean_vector"
   ]
  },
  {
   "cell_type": "code",
   "execution_count": 20,
   "metadata": {
    "collapsed": false
   },
   "outputs": [
    {
     "name": "stdout",
     "output_type": "stream",
     "text": [
      "[[ 65.45671316   5.56552221  15.76981641]\n",
      " [  5.56552221  40.63156831   9.24284598]\n",
      " [ 15.76981641   9.24284598  44.00621722]]\n"
     ]
    }
   ],
   "source": [
    "# Compute  covariance-matrix\n",
    "cov_mat = np.zeros((3, 3))\n",
    "\n",
    "for i in range(all_samples.shape[1]):\n",
    "    cov_mat += (all_samples[:,i].reshape(3, 1) - mean_vector).dot((all_samples[:,i].reshape(3,1) - mean_vector).T)\n",
    "    \n",
    "print(cov_mat)"
   ]
  },
  {
   "cell_type": "code",
   "execution_count": 21,
   "metadata": {
    "collapsed": false
   },
   "outputs": [
    {
     "name": "stdout",
     "output_type": "stream",
     "text": [
      "[ 76.25350253  42.46100742  31.37998874]\n",
      "[[-0.83737261 -0.48548384 -0.25122213]\n",
      " [-0.25613139  0.75447819 -0.60428419]\n",
      " [-0.48291182  0.44166515  0.75612702]]\n"
     ]
    }
   ],
   "source": [
    "# Compute eigenvectors and values\n",
    "eig_val, eig_vec = np.linalg.eig(cov_mat)\n",
    "print(eig_val)\n",
    "print(eig_vec)"
   ]
  },
  {
   "cell_type": "code",
   "execution_count": 23,
   "metadata": {
    "collapsed": false
   },
   "outputs": [
    {
     "name": "stdout",
     "output_type": "stream",
     "text": [
      "76.2535025341\n",
      "42.4610074203\n",
      "31.3799887374\n"
     ]
    }
   ],
   "source": [
    "# Make a list of (eigenvalue, eigenvector) tuples\n",
    "eig_pairs = [(np.abs(eig_val[i]), eig_vec[:,i])\n",
    "             for i in range(len(eig_val))]\n",
    "\n",
    "# Sort the (eigenvalue, eigenvector) tuples from high to low\n",
    "eig_pairs.sort()\n",
    "eig_pairs.reverse()\n",
    "\n",
    "# Visually confirm that the list is correctly sorted by decreasing eigenvalues\n",
    "for i in eig_pairs:\n",
    "    print(i[0])"
   ]
  },
  {
   "cell_type": "code",
   "execution_count": 24,
   "metadata": {
    "collapsed": false
   },
   "outputs": [
    {
     "name": "stdout",
     "output_type": "stream",
     "text": [
      "Matrix W:\n",
      " [[-0.83737261 -0.48548384]\n",
      " [-0.25613139  0.75447819]\n",
      " [-0.48291182  0.44166515]]\n"
     ]
    }
   ],
   "source": [
    "#k is 2 \n",
    "matrix_w = np.hstack((eig_pairs[0][1].reshape(3,1),\n",
    "                      eig_pairs[1][1].reshape(3,1)))\n",
    "print('Matrix W:\\n', matrix_w)"
   ]
  },
  {
   "cell_type": "code",
   "execution_count": 25,
   "metadata": {
    "collapsed": false
   },
   "outputs": [
    {
     "name": "stdout",
     "output_type": "stream",
     "text": [
      "[[  4.97756825e-01   1.06427567e+00  -1.27876620e+00   1.29321725e+00\n",
      "    1.66568487e+00   6.65175330e-02  -2.55498292e-01   1.25475246e+00\n",
      "   -5.57640496e-01   6.35023254e-02  -1.46178639e+00  -9.72343618e-02\n",
      "    1.01367789e+00  -7.60640590e-01  -3.45255626e-01  -2.66589360e-01\n",
      "    1.00427464e+00   2.50187939e-01  -5.45916521e-02  -6.95374122e-01\n",
      "   -8.34113280e-01  -2.33290736e+00  -2.24485335e+00  -1.99082477e+00\n",
      "   -3.77416428e+00  -5.70875645e-01  -2.32941012e+00  -3.06642521e+00\n",
      "    7.87044441e-01  -1.48866201e+00  -1.49726138e+00  -1.19143274e+00\n",
      "   -2.66671387e+00  -2.34145300e+00  -2.32070936e+00  -3.39163898e+00\n",
      "   -1.05501353e+00  -2.78018531e+00  -5.88745760e-01  -9.88533779e-01]\n",
      " [  6.40784860e-03   3.26188808e-01   1.64995874e-01   2.71670123e-01\n",
      "    2.97961694e+00   2.31336338e+00  -6.19580175e-01   1.17514663e+00\n",
      "    9.67609258e-01  -2.42671524e-01   1.09370202e+00  -1.47477007e+00\n",
      "    1.51696770e+00  -1.46276939e+00   6.75717884e-01  -1.17703258e-02\n",
      "    5.20680443e-01   9.84127436e-02   9.81981398e-04  -8.43064767e-01\n",
      "    1.78727032e+00  -2.73177946e-01   7.43038954e-01   1.78479674e+00\n",
      "    9.15325854e-01   2.14081528e+00   9.27910421e-01   7.49772434e-01\n",
      "   -7.00166664e-01   1.16259358e+00   3.48334265e-01   4.49056036e-01\n",
      "    7.01523280e-01   2.08997910e+00  -5.02292044e-01  -9.78063852e-01\n",
      "    1.00441362e+00   1.90293343e+00  -6.83408309e-01   1.35115267e-01]]\n"
     ]
    }
   ],
   "source": [
    "# transform our data\n",
    "transformed = matrix_w.T.dot(all_samples)\n",
    "print(transformed)"
   ]
  },
  {
   "cell_type": "code",
   "execution_count": null,
   "metadata": {
    "collapsed": true
   },
   "outputs": [],
   "source": []
  }
 ],
 "metadata": {
  "kernelspec": {
   "display_name": "Python 3",
   "language": "python",
   "name": "python3"
  },
  "language_info": {
   "codemirror_mode": {
    "name": "ipython",
    "version": 3
   },
   "file_extension": ".py",
   "mimetype": "text/x-python",
   "name": "python",
   "nbconvert_exporter": "python",
   "pygments_lexer": "ipython3",
   "version": "3.5.2"
  }
 },
 "nbformat": 4,
 "nbformat_minor": 1
}
